    - inlist: inlist
      runtime_minutes:  63.52
      model_number:          904
      star_age:     9.1291237769567873E+06
      num_retries:            2
      log_rel_run_E_err:        -7.7373348285290247
      steps:          906
      retries:            2
      redos:            0
      solver_calls_made:         1812
      solver_calls_failed:            2
      solver_iterations:        11483
